625.17 2423.44
481.754 2709.31
713.886 384.29
874.897 -682.178
722.529 2171.73
-21.6022 2508.36
1117.25 257.646
695.881 -2150.65
1351.33 -1061.73
962.539 2461.06
645.324 787.916
484.157 -166.558
510.126 -292.44
548.989 339.075
733.441 2115.05
496.97 -845.732
858.843 2719.31
941.459 683.054
533.45 -635.481
541.571 -723.015
522.544 -606.696
550.387 -852.492
551.008 -790.938
483.465 -725.56
507.518 -792.275
548.825 -455.171
543.241 -619.938
596.285 -739.215
624.024 -796.898
664.301 -751.975
537.063 -602.959
659.323 -57.4434
768.913 -570.65
1479.06 2276.18
874.207 1883.01
811.841 367.461
920.805 -284.218
703.699 915.616
649.356 2568.08
774.655 -649.325
714.255 -601.904
604.437 3114.51
421.028 2247.21
248.123 1227.42
853.545 2139.7
1024.1 2710.36
956.54 1171.21
814.985 416.629
1048.31 2035.33
1171.14 2611.42
1174.79 2242.22
1173.56 1563.69
1169.43 1389.37
1159.82 1477.71
1189.05 1496.79
1204.24 1525.26
1219.38 1552.72
1225.48 1574.29
1232.09 1600.51
1235.08 1611.36
1241.33 1662.04
643.879 663.895
645.713 694.173
647.877 744.023
1265.01 1838.43
613.596 916.116
525.512 258.832
559.159 395.807
549.458 427.917
581.725 -581.407
590.514 -597.827
1029 1881.04
941.868 974.861
891.994 724.592
933.657 -117.908
837.189 297.415
843.739 527.099
974.554 1923.36
1053.16 2393.32
1013.21 270.203
803.708 645.323
1416.22 2786.16
764.809 545.36
993.285 2460.47
1015.46 2623.84
597.816 169.462
649.784 -248.221
699.644 33.2698
705.12 2466.08
762.691 2767.86
870.823 623.44
1472.33 2582.18
934.48 2425.37
627.975 3073.44
779.663 2371.31
245.078 467.858
664.314 -648.618
11.8473 -1696.13
-156.352 -1610.12
-253.294 708.09
45.7866 1847.82
-75.7952 2657.92
78.0877 1982.75
705.557 -247.301
624.557 512.116
646.311 760.726
738.103 2025.54
788.726 2306.02
799.277 462.719
851.748 -377.474
884.764 2410.81
640.797 465.565
628.431 1645.19
692.935 2506.48
758.048 441.599
593.495 6.03369
1390.66 2591.07
729.067 -1854.05
892.21 -855.595
872.16 -561.72
904.815 -681.206
907.944 -634.627
961.45 214.618
888.729 440.937
904.631 2140.62
905.206 2353.45
824.495 -45.9336
1387.32 2713.02
879.913 221.162
967.361 536.91
950.838 1963.28
1038.27 2163.47
893.234 665.536
851.697 136.185
770.303 216.384
1000.3 2258.29
587.707 657.049
543.837 414.215
521.172 340.02
587.167 -822.544
621.027 -874.494
411.766 606.98
565.612 2365.2
-3.21937 2268.72
1050.45 791.899
940.813 2332.02
1307.73 2252.56
910.805 2439.53
631.41 490.452
592.152 259.056
669.831 -416.517
709.654 -157.111
623.86 1905.88
701.545 2328.94
1407.43 2651.73
462.412 -882.609
566.407 -905.847
584.124 -865.03
610.626 -903.277
619.411 -921.408
739.163 -1015.68
640.633 -895.888
642.957 -864.111
630.539 -799.721
621.193 -825.668
630.019 -798.689
605.631 -838.933
602.675 -795.156
604.797 -809.003
599.563 -778.816
600.225 -774.894
593.402 -746.168
606.496 -746.265
615.257 -720.38
630.528 -739.722
643.557 -662.923
711.317 -494.552
716.129 -606.885
807.138 -824.494
813.805 -795.264
810.525 -779.76
806.35 -768.796
718.369 -584.763
754.239 2165.67
426.607 2324.3
58.8405 2525
415.606 2423.6
656.745 641.396
808.856 2190.09
626.956 74.5286
193.59 1725.79
1108.62 1165.14
554.958 -986.154
528.286 -828.188
542.043 -829.093
744.059 -717.436
681.263 -59.7664
651.694 -173.922
642.576 -221.083
573.405 -945.379
639.914 -218.583
546.955 -891.686
556.665 -909.771
556.665 -909.771
667.831 -1079.43
584.223 -974.161
613.363 -916.962
612.921 -612.753
616.916 -167.147
780.653 -283.742
894.323 -870.908
899.729 -910.772
809.933 -219.721
741.129 -681.793
817.623 -777.657
727.427 -169.593
609.872 -658.302
601.113 -685.696
598.832 -642.235
605.13 -668.355
948.127 579.037
807.135 2150.59
960.733 1097.45
999.859 2260.3
821.566 440.878
793.479 130.686
821.794 2188.61
858.75 2475.24
420.714 2492.29
233.611 2917.83
227.351 2918.17
1005.86 -230.549
637.084 2317.99
561.083 1757.81
600.076 656.356
587.828 1071.35
575.474 1057.5
569.011 1200.99
556.677 1369.9
541.41 1340.68
524.438 1336.68
509.15 1316.59
488.621 1296.14
813.056 1393.63
830.293 2223.11
816.414 2290.48
542.211 1875.29
730.771 2502.1
997.767 1896.14
1038.22 2286.95
650.733 728.472
849.411 2259.01
655.481 489.771
676.51 940.808
868.01 2361.19
932.893 2440.69
848.136 634.77
1053.38 2343.8
1076.76 2179.96
1169.12 2241.57
1160.11 2023.89
978.766 760.874
870.984 1253.38
974.67 2384.53
952.329 537.003
1116.52 2239.1
1121.38 2189.18
838.733 498.74
1231.94 2566.27
523.463 2226.8
333.806 2281.47
647.335 848.69
709.518 2402.95
577.539 629.146
1342.95 2633.65
529.018 1335.17
566.485 1151.22
607.328 943.614
625.159 813.133
1248.65 2489.37
1265.2 2488.27
1409.87 2520.9
1409.87 2520.9
637.614 3068.56
197.707 2616.12
839.69 1133.9
820.474 1424.62
802.227 2203.87
50.7066 1138.94
741.478 1444.22
826.73 2199.9
810.465 674.969
942.669 1792.04
1029.21 2237.34
576.695 2132.92
564.211 2227.09
360.189 2487.96
71.2793 694.802
-22.0772 -79.4641
-19.307 -239.67
-8.05549 2732.27
363.592 916.079
458.41 1001.7
1176.6 2663.51
535.552 1062.69
662.722 2284.95
616.921 2032.37
580.45 2141.58
1088.89 2093.9
1021.2 2223.89
525.592 2108.97
609.661 2208.61
621.991 1639.52
711.154 376.701
572.522 2381.25
515.406 2561.44
426.636 2122.92
196.596 685.032
501.933 2219.1
581.627 2283.85
641.366 613.044
763.808 2298.18
812.646 2390.96
742.778 2821.48
886.552 2682.65
190.571 2697.1
921.167 1854.86
930.245 2399.88
472.742 2684.9
505.819 567.688
427.472 1858.77
645.987 1613.1
213.352 2493.37
402.491 2088.44
152.855 2520.78
40.094 1395.19
592.402 2111.17
607.458 2323.45
751.579 640.932
746.523 2511.92
1084.83 2556.53
378.762 2626.56
1150.71 2586.64
882.466 2166.96
867.812 1082.52
822.69 2367.58
957.849 103.871
914.536 2213.95
1382.63 2717.42
261.28 2527.09
780.556 2152.68
602.995 676.816
82.7962 2386.13
811.855 2802.71
761.068 2197.28
